61.2345
0
0
0
0
0
0
0
0
0
42.6192
85.2385
85.2385
85.2385
85.2385
85.2385
85.2385
85.2385
85.2385
85.2385
85.2385
85.2385
85.2385
85.2385
85.2385
85.2385
85.2385
85.2385
85.2385
85.2385
42.6192
0
0
0
0
0
0
0
0
0
61.2345
122.469
122.469
122.469
122.469
122.469
122.469
122.469
122.469
122.469
122.469
122.469
122.469
122.469
122.469
122.469
122.469
122.469
122.469
122.469
0
0
0
0
0
0
0
0
0
0
0
0
0
0
0
0
0
0
0
0
0
0
0
0
0
0
0
0
0
0
0
0
0
0
0
0
0
0
0
0
0
0
0
0
0
0
0
0
0
0
0
0
0
0
0
0
0
0
0
0
0
0
0
0
0
0
0
0
0
0
0
0
0
0
0
0
0
0
0
0
0
0
0
0
0
0
0
0
0
0
0
0
0
0
0
0
0
0
0
0
0
0
0
0
0
0
0
0
0
0
0
0
0
0
0
0
0
0
0
0
0
0
0
0
0
0
0
0
0
0
0
0
0
0
0
0
0
0
0
0
0
0
0
0
0
0
0
0
0
0
0
0
0
0
0
0
0
0
0
0
0
0
0
0
0
0
0
0
0
0
0
